Alaska;0;0;460;878;1;3;29;1
Northwest Territory;0;1;1073;776;0;2;3;4;2
Greenland;0;2;2625;428;1;4;5;24;1
Alberta;0;3;1163;1344;0;1;4;6;2
Ontario;0;4;1844;1370;1;2;3;5;6;7;3
Quebec;0;5;2379;1332;2;4;7;2
Western United States;0;6;1198;1918;3;4;7;8;3
Eastern United States;0;7;1693;1914;4;5;6;8;3
Central America;0;8;1283;2586;6;7;9;1
Venezuela;1;9;1911;3276;8;10;12;1
Peru;1;10;1869;3674;9;11;12;2
Argentina;1;11;2188;4340;10;12;2
Brazil;1;12;2057;3549;9;10;11;13;1
North Africa;2;13;3755;3176;12;14;17;18;19;20;1
Congo;2;14;4501;4169;13;15;17;2
South Africa;2;15;4603;4711;14;16;17;3
Madagascar;2;16;5531;4975;15;17;2
East Africa;2;17;4918;3779;13;14;15;16;18;35;3
Egypt;2;18;4503;3342;13;17;20;35;2
Western Europe;3;19;3657;2364;13;20;21;25;2
Southern Europe;3;20;4256;2349;13;18;19;21;22;35;2
Northern Europe;3;21;4172;1804;19;20;22;23;25;3
Ukraine;3;22;4784;1017;20;21;23;26;33;35;2
Scandinavia;3;23;4276;1003;21;22;24;25;2
Iceland;3;24;3713;1283;2;23;25;1
Great Britain;3;25;3477;1684;19;21;23;24;3
Ural;4;26;5923;804;22;27;33;34;2
Siberia;4;27;6100;543;26;28;30;31;34;3
Yakutsk;4;28;6897;672;27;29;30;3
Kamchatka;4;29;7346;795;0;28;30;31;32;1
Irkutsk;4;30;6755;1324;27;28;29;31;3
Mongolia;4;31;6836;1821;27;29;30;32;34;3
Japan;4;32;7868;1830;29;31;2
Afghanistan;4;33;5562;1944;22;26;34;35;36;2
China;4;34;6361;2116;26;27;31;33;36;37;3
Middle East;4;35;4902;2816;17;18;20;22;33;36;2
India;4;36;6075;2743;33;34;35;37;3
Siam;4;37;6921;3186;34;36;38;1
Indonesia;5;38;6889;4135;37;39;40;1
New Guinea;5;39;7765;4026;38;40;41;2
Western Australia;5;40;7397;4773;38;39;41;2
Eastern Australia;5;41;7948;4644;39;40;2